0.15049,0.82233,8.3663
0.15378,0.82039,8.3851
0.16201,0.81456,8.4016
0.17516,0.80097,8.4168
0.18174,0.79903,8.4216
0.18832,0.78738,8.4366
0.19326,0.78544,8.4485
0.20148,0.77379,8.4609
0.20806,0.76602,8.4728
0.22122,0.75243,8.4856
0.22944,0.7466,8.4977
0.25082,0.72136,8.5099
0.26069,0.70777,8.5221
0.2722,0.69806,8.5277
0.28207,0.68835,8.5373
0.30345,0.66699,8.5499
0.31168,0.65728,8.5617
0.32648,0.64369,8.5736
0.3347,0.63398,8.587
0.35444,0.61262,8.5979
0.37747,0.59709,8.6094
0.38569,0.58932,8.6213
0.3972,0.57573,8.6339
0.40214,0.5699,8.6459
0.41201,0.55631,8.6579
0.41859,0.54854,8.6702
0.4301,0.53495,8.6825
0.43668,0.52718,8.6953
0.45641,0.50777,8.7078
0.47286,0.49029,8.7208
0.48109,0.48252,8.7327
0.50082,0.45728,8.7456
0.51069,0.44951,8.7583
0.5222,0.43592,8.7643
0.52714,0.4301,8.775
0.54359,0.41262,8.7927
0.55674,0.39515,8.8062
0.56826,0.38544,8.8258
0.58306,0.36796,8.8388
0.58799,0.36408,8.8527
0.59457,0.35825,8.8584
0.59786,0.35437,8.8697
0.60444,0.3466,8.8812
0.60773,0.34078,8.8935
0.60938,0.33689,8.9061
0.61266,0.33301,8.9119
0.61431,0.33107,8.9221
0.6176,0.32718,8.9366
0.61924,0.32718,8.9488
0.62089,0.32718,8.9864
0.62089,0.33107,9.0029
0.62253,0.33107,9.0203
0.62418,0.33301,9.0249
0.62747,0.33689,9.0486
0.62911,0.34078,9.0672
0.6324,0.3466,9.0856
0.63405,0.35049,9.0899
0.63734,0.35825,9.104
0.63898,0.36019,9.1177
0.64885,0.37573,9.1357
0.65214,0.37961,9.1486
0.65543,0.38155,9.1625
0.65707,0.38155,9.1757
0.65543,0.38155,9.2525
